640
646
647
670
671
645
648
649
660
651
652
653
654
655
656
657
658
659
660
661
662
663
664
665
667
668
669
666
672
673
674
675
676
677
678
681
682
683
684
609
610
611
612
613
614
615
616
617
618
619
620
626
627
628
629
630
631
632
633
634
635
636
637
638
639
641
644
650
679
680
417
418
419
420
421
422
423
424
425
426
427
428
445
446
447
448
449
450
451
452
453
454
455
456
457
458
459
460
467
468
469
470
471
472
473
474
475
476
477
478
479
483
484
486
492
493
494
495
496
497
498
499
500
501
502
508
509
510
511
517
518
519
520
521
522
523
534
535
536
537
538
539
540
546
547
548
549
550
551
552
553
554
555
556
557
558
559
560
561
567
568
569
570
571
577
578
579
580
581
587
588
589
590
591
592
593
594
595
596
597
598
599
600
601
602
603
625
432
433
437
438
443
444
461
462
465
466
485
490
491
506
507
515
516
527
528
532
533
544
545
565
566
575
576
585
586
685
686
688
689
690
691
692
693
694
695
696
697
698
699
700
701
703
702
704
705
706
707
708
709
710
711
712
716
713
714
715
718
722
719
720
721